4572800
4588200
3527500
3633000
4481700
6585600
7811200
4651000
4890100
3924700
3126500
6916200
4677200
4186900
4263000
4454000
4017200
4120400
5467500
13940500
4869200
3158200
2869300
3269500
4008800
2578200
2406900
2300400
2214900
2185400
2954100
3967700
3916100
6843400
2996700
4595500
3540700
4837300
3628700
2848600
3973900
2813200
3881400
2785000
4239000
4462500
7641300
6119700
5807300
7093000
6164200
4811400
4020600
4146800
4943500
4262500
5046800
5111900
9684200
5527000
4589500
3812000
3100200
6453400
4374100
4963200
5096200
5127400
5136500
5127000
5170700
5972300
9132600
4171900
3270300
3015900
4475800
3638900
2964000
3010400
2912900
3316100
4025600
3067700
2943800
6335800
4143100
3094500
5018500
4554600
2916100
3553700
4199900
4051800
4317400
3740100
5361800
5595300
7139200
3054700
3249500
3129000
3617100
4686600
3736100
3883800
3436100
2899600
3283900
3180200
6877200
3949600
3317900
3985900
2977900
4919700
3854900
3770000
4223800
3956500
3790200
3595400
4690400
3964800
7456600
3041900
3557200
3592400
4973400
3867800
3793000
2622700
2828000
2474700
2475200
2988800
3759100
6301500
4599700
2980100
3727400
4638800
3903700
3600500
5428700
3594000
4476200
3443800
2939900
4009600
6113300
3504500
3923100
3201400
3426400
5169200
4364700
3866100
4488800
3429900
3628800
4540700
4564400
8005200
5326600
4838200
3029900
5433300
6037200
4828500
5168700
4089300
5104400
4180600
4583700
5743800
9359200
5244100
7623500
7373600
6358100
6692800
6332200
5257600
6757800
9502300
11335700
8245800
5258800
7500100
4767600
5194400
4680100
4595600
5877100
4128100
5835600
4543700
5199500
4699700
5893100
5371700
7439500
4433600
3520500
3813200
5074300
8359600
6219100
4307400
5358300
3718000
5219400
5074200
6500500
8941700
3975700
4697200
2936800
3396300
5638900
4204100
5724500
3814100
4841500
4963200
5420200
6516600
8350700
6259800
5205400
6166900
5671400
5993300
4171500
5019500
5770300
4967800
5544200
5350700
5817400
9065700
6138300
5694000
7985100
7145900
6991700
7289200
7788800
8118800
10547700
10401500
8620700
7075600
9269000
7065700
4878800
4488700
6290700
6535900
6747200
5830700
4724900
6108400
6017700
7012700
8557200
12202700
7174700
5727900
4518700
4675100
6890500
5848500
6061500
4776700
4696500
6213000
6158100
7757000
7258400
11195700
7565100
7476000
5246500
8171900
5457100
5061900
5224700
5524400
5080200
5578700
5617100
8504000
11758700
6841600
6189600
6174300
8586100
7782600
7118400
6832500
6919900
8445800
8538300
9278800
11893800
8342300
8221700
12982500
12190100
12666100
12366300
14896700
15561100
10604800
9826500
10731900
10163800
15327300
9636000
8218400
6515700
4743500
10025600
9957000
10290800
9922900
14682300
11638800
9403000
12107400
11661300
15009700
17369700
12561800
6946100
13261400
9356700
10502900
6098700
6891400
6544800
6882700
5739800
9190000
11908500
9469200
8179200
8381500
7073500
6260700
7061800
8269800
6293900
8169700
7794600
7221200
6454700
13439000
7797900
8475200
8299300
9994700
9718900
7901300
10873300
7823100
6786500
8128300
7801500
14442100
15625200
10520300
8449800
4134900
8696300
7345100
6334400
9313900
6955100
10020500
12543600
6008900
6552500
10791700
7016400
6705900
6605800
7615300
6442200
7229000
6523500
7991500
11077700
8325300
13238400
12968200
11125200
6962300
6141800
6311800
7010200
6903400
12637100
5802000
6054300
7002800
6995800
7661500
11655000
10357300
5499400
4799400
6808500
5381300
7284600
8701000
10485400
5170600
5409500
6933600
6834400
8309800
14618700
8966000
8980800
3951900
4801900
6082900
5758400
5557000
3389900
4765300
5891300
6021700
7007400
13573200
5372800
5147700
5131600
6058000
5485100
4027000
4447300
3612000
5860700
3810900
4180100
5133200
10122900
7465100
4549900
5359500
5414000
6630100
8068200
5883200
5244500
5725900
4463900
4908000
7297000
7089800
4573000
4756000
4627900
5109500
5034700
4741600
4738600
5003700
5398800
6565200
6713200
6494200
8698100
6034600
9239500
4405500
5459600
7861000
5285500
5153000
4548200
6143900
4352500
6230800
5158600
7857200
7269800
6184300
6023300
6340300
5022000
4670300
5034300
4442100
4577100
4513700
4453100
4876500
9002800
9132500
9347200
6135500
6657900
6713600
4960800
5993700
4979900
6861300
6745400
7812600
10222400
14018000
12428800
5535500
5110600
4726000
5153500
4912500
4405700
4670000
4000500
4220700
3946200
5533500
7139000
5212000
5483000
3500200
4538100
5544000
5390500
5882700
4324700
5451900
5618100
6152500
5578000
7985500
4891300
4260600
4493000
4633500
4641500
4498700
3457200
3391100
4304800
5239300
4163000
4584600
5612600
7167300
6552400
4302000
4404300
4485200
4591700
3902900
4148500
5338800
6323800
5130100
5358000
5218800
6280900
4050300
5009300
5496500
5495500
6572500
4351100
5136100
4974500
4095900
6336700
6172900
6472400
9718400
5738900
4523000
2794500
6696500
6188600
5547000
3842500
5047100
5776100
5695900
5722100
5875300
9519500
5545500
7122500
6898900
8407800
8320200
10256900
4858700
6123100
4444000
6058100
6977300
6634200
9057200
6448400
5688900
5565900
7496800
8253600
13991000
6696600
6567100
7760100
7051500
7871800
7212900
10553000
7987100
9267800
8515200
11626600
9620800
6590800
7929800
6742600
8334800
7475700
8434700
8619600
10690000
10000800
7441200
5115200
7307800
7471000
8254000
7100600
9020200
9885800
10421900
11225000
10345400
14450600
13413300
12173800
11873600
11946600
5874900
6042000
6307100
7519800
8508800
7779200
10104700
12800800
11873700
10065100
9445400
11268400
10226500
9165300
7535700
5392900
5002500
7469500
12272600
8572500
6395300
10372100
22179500
7269700
6342900
5076200
8461400
9543100
10389500
12131100
7987900
7120500
11198400
9507600
10126900
6363000
6850600
3362500
6971800
7287800
9026500
5927200
4320500
7318400
7477000
7423300
8634400
12707500
9651600
9301500
12361900
14363400
10330600
7666200
6668700
5937700
5324400
5009800
6527600
9659800
9016500
6340600
7046000
6785300
7904000
5822700
6819900
6834500
6505500
7551700
8022700
7774900
15508300
10218600
12312500
10467500
11382200
13863700
9226900
11982500
10722700
7225400
7269300
6538000
8056700
13851500
7470200
11060200
7759900
10043600
8295400
7506100
6473200
5660400
5890600
6543100
7949200
9758000
14741300
7617100
8788100
6272100
4425900
5600000
5050400
6150200
4904400
4747800
5971800
4803100
5690900
10576300
5014400
9652100
6594300
5572800
5272800
7566200
4633900
6239400
5938900
6682000
4430200
7097600
10870700
8429900
9468800
8899600
7618100
7398000
8517200
10225600
8628500
5319800
5362900
6566800
6665000
10482600
8532700
10227400
3362500
4536000
7762000
11725200
7534000
9291400
12310100
8713900
12292300
11105800
25270600
11843200
10728100
8031100
7531800
7127700
7067800
5623500
6309700
6035500
4973100
6136500
5470600
9311900
5224600
5811700
5833900
5494200
6116000
5755100
6133700
10312600
8265400
14478600
9392600
14249400
20636400
8669200
8857200
6677700
10365500
11085200
8572600
11836900
10442800
8519400
11576400
11780700
16472500
19880700
7944000
9016000
4427300
6575700
7910300
6354400
6444600
5251800
6827500
8240300
7159000
8808700
10587800
10638800
14194000
10034500
8334300
8059800
10091000
12183900
9231500
7120400
7199700
10914800
9603400
11950500
5005800
5596700
6463400
6468100
11106000
5490600
7056700
7161200
6141500
11454400
6029300
7569000
13003000
7022800
6063000
5519800
7173200
6917500
7964600
8413800
6082600
7555800
8676400
7666700
8933400
14686700
9844500
9649200
5618400
4975800
10731600
11175900
8523600
7459500
7782400
8269800
7474000
15451000
13986400
6781300
5789900
7733900
7493800
7254500
10440800
6625200
5943100
8800000
8002900
6785400
7746300
12670200
12730100
6747000
5937300
8487300
7760300
7445800
8413900
13972700
9810400
15292700
13576800
14180400
18368000
10727900
12354500
17584400
14686400
18490700
10615600
11776400
13591400
15939000
18233700
17361400
20907200
28292600
13582900
14322100
10234500
5242300
15048400
15372100
17202200
12079400
23021600
13699100
9915000
8528800
14208800
9399600
9993600
8377200
10095200
11680100
13157400
7785900
7727600
6616000
8132400
10801600
12978100
17267700
15090100
12585400
8550000
10322800
10892800
10156400
15096700
9853500
8646800
11778900
10694200
10374400
12462300
29044500
16544800
14439100
15103400
16110000
13873700
14760800
21776100
18901500
16954300
15132600
15332500
20488000
28944000
14066600
17600000
7758300
14605400
13816600
11024000
10396600
8698000
10130300
12172100
11784100
12659400
24429300
14038700
10189400
12711500
13473100
33980500
20266600
14115800
16026600
11299100
7593600
10613200
15681300
24554000
10704500
9357900
10581500
13065500
10682400
15601900
10420100
11223900
11634500
10898700
13512600
15872300
14895100
7981200
7601400
9542400
9297600
10673900
13622900
11102400
7043200
7332200
6249700
9179400
13417700
8961700
9512200
8474000
5960400
8769000
8358500
7587900
7164800
9845800
7577600
9039500
9600100
9478000
13218700
9778000
9506600
6821200
9689600
11082600
6950600
8720600
14479200
11934600
9476400
7084500
7708800
15346200
10923800
8762400
11548000
7026400
8959200
6245900
8055500
9767900
15441200
5948300
6004600
9485600
17472200
9562800
8094400
14114100
9790000
9921700
11907200
7244700
5186700
8052500
9326200
9142100
17778000
8958800
6655100
7748800
5881300
7961400
14657200
7665600
8380400
10057500
11192000
10668800
20574800
12422800
8416500
6301800
6619300
8780600
6497200
6688600
7604900
6579300
6643600
7327400
5931700
5022900
15051800
12850800
5632100
6299100
5721900
5033900
8170300
5775500
8933300
12043300
7585200
5338200
5289700
7683600
8951400
8118300
5554900
9542800
9697300
5881300
11278800
9210200
8887600
8989900
11574000
11512800
16195000
14745900
15687200
15608900
15936600
19473700
35071500
10097300
7643600
8085500
10812500
10026300
9244400
11819300
11755000
16234400
7579600
9375400
5695400
10149200
3742600
3774100
4880700
4953000
5490800
8140300
4441800
7231500
10156400
4649600
5162100
7157000
8771100
6722200
4733300
3724300
4262900
5912400
7788400
5707700
6162700
9307600
8557000
6991300
6504800
5924700
5402600
6633300
5936300
5272200
5525600
6224200
4538500
5043300
9288600
8271200
7084200
6830800
7844600
12291700
8672600
6457500
6463000
4637300
5283600
5500100
4515500
7038400
5549300
4477000
4497500
6622800
6878400
5560400
5885600
9078800
4529500
4565600
3662800
4565500
7626300
5237900
4306300
7477200
8970100
6608000
5714900
6288000
5635500
7522800
5337600
9465600
4871600
8620400
8007100
7192300
6296200
14339200
8081600
6704800
8143600
8081900
9108600
8346800
8471300
9326800
10734800
5242800
3891500
2180400
7212900
4937500
7849200
5612900
5639500
9162400
6477100
5943400
6117200
8527200
8000300
6062400
7158000
6566500
5332000
5634800
4522700
8054900
7540400
7295000
7982500
6611700
7036200
5662000
3058500
4151800
4920000
6807200
6489900
8350000
6373000
7080700
6497000
5741300
4955200
8600000
3284400
4548400
5165600
5324600
6993400
6143800
5663700
7283300
6490200
8231600
7044000
7352800
6940600
5783000
8437600
4677600
6800700
7682400
6548900
4636000
4145800
6809700
6350400
6852300
6703800
11193000
5202700
8550700
11411100
3857800
5452800
5128500
5211200
6221800
4807800
7723400
7656600
5591400
5775900
5811900
3699000
7413400
5895200
7785900
5477000
6385800
5953600
8348200
5637800
4779800
6175200
5357600
4630200
6143000
5286300
12045100
8961600
6200300
5415300
5767400
5311400
6230400
7886400
7442500
5727300
5070700
5437000
2520900
4795900
4786900
4872500
5371300
3481800
5266500
5168400
4954800
4213600
6998600
6421400
4608400
4822800
4105700
6173300
4897900
4599500
4504500
6051200
5718800
4944500
5423400
5962000
5877600
6881700
6668200
9404300
6651600
6255500
5315600
3333100
4596800
3915400
4014400
4026400
6270700
8863700
6573200
7972400
5608000
5907200
5368700
5739200
7316700
6216700
6572400
7996700
6214600
10452000
8308900
7301300
3980200
5043900
8709600
7083000
8208400
4643200
7564200
6979000
7308600
9758900
19915500
13270400
7861700
9389500
8984000
8280000
10790000
8536000
9505600
7992000
10240000
8650400
5123100
5412900
7824000
5416000
5560000
7656000
6288000
5888000
5568000
5780000
8544000
7456000
7687200
12104000
9354400
13480000
8037600
11347200
7755200
6459600
7656000
4882000
7208000
7680000
6376000
9256000
7904000
12160000
12048000
7488000
4416000
5461900
6832000
5728000
6904000
5212800
6704000
4239600
6936000
5032000
6136000
8904000
10499500
6315200
5809600
6496000
11088000
7790000
5588400
5658700
5915200
5109500
4523800
4948100
10974400
6835200
5290500
3900900
5083800
4513800
4561600
8840000
6029600
5642200
5844000
5122400
6000800
6342400
6910400
7818400
6433600
7044600
8331400
10241300
8084300
6593700
6066600
5874500
5023300
5671600
6355700
6171600
4741500
3513000
6494400
7101600
4981700
2907800
5277500
7064000
6207200
4449100
4463500
4914200
3971500
5068000
6835000
4709800
4399800
3804300
2499900
2859000
3037900
3601900
4451000
5900000
6516800
4563000
2989800
4600400
5732800
8280300
5163200
4896000
4229800
4851200
4396200
4205800
3300200
3870500
4313300
3154600
4998700
4888800
4474000
5128000
4038500
3946000
6977600
4653500
5340300
7982400
5729600
5084800
3952300
2249300
5650400
4956900
4812000
4114700
4519000
3764900
4418300
3377600
3794700
4171900
4535100
3526800
3539200
5133600
4589400
3204100
2490500
4989800
4041400
7886400
6766700
4234300
3442100
3468500
2198500
3741100
5990800
6027700
6570400
4314200
4202100
4061600
3490200
4455300
3961400
3450700
4444400
6077700
4446400
3753200
5554400
3877500
4506700
4297800
4113200
8576800
5543100
5503500
7262400
3969600
4948600
2353200
3408500
3861700
4170600
5257900
4095700
4058400
3411200
4958600
4366200
6114400
3997200
4294000
4786800
3308700
3327000
2732400
2392800
3541600
3053600
2751200
2992700
3414400
3438000
3527800
3022600
2390000
2590600
3790800
2624400
3089700
2699300
2724200
1973700
3145900
3325100
3840000
4384400
2990800
2711300
3299000
2699100
2817500
3899500
3803700
4180700
2945400
3206100
3904000
4433000
4080000
3769100
2576500
3088800
4310000
5002600
4295000
2493000
3349200
3251100
4791200
4048700
4669900
5372000
3410700
3148100
4703200
4020000
4279000
4597000
5306800
4912800
2910600
2523800
2021200
4015400
6371000
3208100
1762600
2608600
2076800
4550000
1883000
1908400
2311200
1838000
2402200
2830600
3524400
3069800
2205300
2646800
2603700
2681900
3350800
3462500
2920000
2710800
2320200
2878800
3008200
4268200
5088500
2515200
1995100
2023200
2321400
2137600
2394800
2574900
1798800
2088800
2498800
2746400
1868700
2684400
2304700
2380000
1857100
1643200
1932900
1790000
1776000
1354300
1639200
1589500
1171500
1540800
1689900
1587300
1405600
1756000
1965600
2070400
2724200
2685900
1885500
2292200
2552800
2678600
2907600
3736600
3178800
2265400
2739900
2263200
1679200
1259600
2174900
1570200
1384200
1524400
1301800
1762000
2421500
3170200
1386700
1593000
2376300
2722200
2173400
1916300
2496400
3167600
2522800
1638900
1965200
2338900
3916400
2211800
2694400
2526700
1520100
1437400
1688800
1620700
2055300
1877500
1865500
1769900
1863600
1882000
1815000
1914000
1976800
1739200
2575600
2190700
2251800
1527900
2038000
1319500
2421400
1959300
2191800
5002800
2947400
2588800
2028800
2047400
2481600
1530700
2123500
1856800
1613200
1766400
3282600
2357300
1803700
872600
1615400
1350900
1395300
1880400
1425600
1672000
1609100
1296800
1938700
2645600
2458700
1321200
1872500
1927200
1861200
1797400
1199200
1497900
1824300
2109200
1164000
1578100
1891200
2117800
1275700
1249400
1685300
2039900
1169100
1263200
1024300
1200300
1399000
1936300
1665600
1547500
1997600
1741400
1878400
1618500
1437100
1361600
1255300
1130000
1378500
1887300
1501700
1955500
2248600
2335000
2645200
3463600
2920900
1421400
1623300
1739800
1488000
1676100
1802800
3231000
2040900
2301100
1925400
1547500
1505600
1772100
1468100
2046400
897900
1607600
2077100
2971500
3115200
2696300
2361600
1520900
1092400
1265900
1440300
1775300
2263000
1510800
1262400
2388100
1342000
2262400
3485100
3217600
3082800
2292800
1605700
1876400
2356100
2955500
2171500
1884000
1493700
1028400
1416300
1858200
1541700
2449900
1885200
1580800
1947200
1130200
1624600
1558400
1406800
1374000
1681200
2164800
1810500
1047300
1125400
1163200
902000
1287000
1020400
988000
935600
938800
902400
1026200
1102700
1071000
1911600
1650800
1154400
1503000
1522800
1707200
1008000
1458400
1553600
1520300
1430000
1404400
1749700
2124800
2207300
1184000
1436400
1447300
1462400
2328000
1404100
1400000
1433200
1335300
1341700
1601900
1962800
1508800
1170200
1223600
1300800
1286400
1220800
1221400
882000
1451200
1388100
1487600
1372100
1558400
2096000
1444800
1286000
1360300
1198700
1096000
821400
943300
1010200
859500
845100
888900
1220800
1755800
1052400
1017600
1643200
1712600
935600
928800
1076100
786200
971500
939200
948800
1379200
1879600
1378800
980800
1128900
1056600
1201900
971500
1222700
1201200
1093100
1666500
1636100
1684800
2072600
1801600
720800
566800
899200
934000
1293400
920400
1015600
1180400
1071600
1282500
1314500
1172400
1815300
1096000
1048600
824600
887000
707200
754200
752000
784900
1024000
1011500
1350400
1079600
1063000
744400
859800
1015000
967000
807300
657200
949700
1635800
1073200
1137600
926400
1193200
1254000
1103600
1083200
1057900
1025900
1416600
1422000
1410000
1822400
1707800
2648600
1075500
1760900
1090200
949200
830400
1005100
1141700
915200
750000
1103300
842200
1492800
1201200
1238000
1219500
1533100
1293100
780400
1437400
1419200
1528400
977600
1010200
765100
1009600
592000
693400
784000
1065200
566400
499800
511600
490800
701700
577200
555800
473200
534400
550000
627500
466800
515200
563800
602800
437700
753600
581400
538500
573600
568600
430400
521600
524100
777900
829400
930000
590000
718400
984900
873900
692400
739200
890500
606700
654400
714500
765400
1060100
1316800
1074500
2518700
693400
605200
499500
482800
509400
552900
483500
735600
688600
760600
825200
613400
536600
699500
645400
640400
1207600
1086000
561600
803800
902400
500800
545200
624300
611800
779800
524100
702400
1006700
582800
763500
719300
751600
1048000
928900
775300
985200
592000
608600
526400
748400
579800
600000
633200
958000
516100
543300
1550400
1172100
571800
635200
391600
460800
379200
458800
419800
542400
787200
921200
663600
629100
498200
500400
370800
376300
494000
423600
524800
805100
564800
596100
471300
416300
612400
619800
610200
568000
643500
552600
573700
677700
469200
445700
475500
621400
930800
1362800
851800
541400
402200
876400
881200
801900
1036100
453200
622400
604800
740800
621100
612400
701400
882500
584900
694000
628400
511600
610500
525100
1225200
604400
818500
924400
783600
2041200
680000
575600
817600
762800
1277400
1232000
745600
532400
683500
607600
514200
663000
1489900
661600
292800
482200
663600
634200
495300
474500
680800
573700
637400
870700
590000
775300
542700
512400
819600
583600
751000
950400
902800
566700
764800
561600
547800
524400
511300
755800
715800
1022000
696300
792400
762500
1315200
919000
1493100
600300
586800
904000
935600
900800
872400
984300
767300
753900
1364400
1812100
1416000
1367600
1156800
1516400
825900
501400
797100
500100
614800
672000
886000
924800
685200
508100
532400
870000
825600
964800
643800
532400
376800
534000
603200
563500
478700
469600
466200
467800
355800
371800
512900
641900
469100
612400
554800
568000
481600
369600
449900
611200
517700
576900
1123500
733200
638000
852100
761600
650800
469700
417200
287300
260400
356800
321900
345200
606000
390700
267200
311300
306100
372100
383000
401900
361600
508800
576000
513200
520900
570200
778800
711600
784600
767200
325200
446000
366400
464000
542400
502400
547600
865200
1645200
640800
1070400
763600
621200
510400
381600
312400
275200
317600
282400
444800
467200
658400
621600
516800
517600
481000
430800
668000
610800
760600
894800
491500
408300
387500
509400
424900
267500
673000
960300
440000
505200
593900
769900
360300
408400
741600
644100
511600
538800
377200
448600
585600
230800
383600
250800
422700
329600
605600
545900
435200
371500
329200
299500
275800
300100
393200
382400
368300
285600
202800
222700
266500
206700
318700
254700
287300
313200
422400
374000
382400
587800
412400
318400
349400
280300
591300
313900
455600
478700
392600
317100
268100
300800
301400
308400
451500
442800
365100
250800
437700
481200
476100
639300
387600
199600
274800
341100
384300
611800
473600
412400
457600
559600
367600
386800
736900
733100
328600
389400
624900
552000
722800
540400
351600
274200
419500
280600
190000
261100
443600
453400
662000
672300
668400
588000
653700
554200
512000
321200
304600
305900
517100
332800
341100
330800
329200
535600
438700
369600
290800
525700
507500
914800
781400
377200
356800
290500
394000
818500
468100
810800
149600
237700
207300
279600
263000
443800
305900
293100
344900
351000
457900
307600
250500
563500
460400
366700
383600
390700
359600
335300
356400
833200
529600
735300
711600
371200
354200
258800
213700
309400
209600
313600
399600
320300
277700
369900
227800
361900
319300
496000
553900
326700
311000
408300
648600
545200
656900
436800
313200
284100
382000
507500
564800
416000
395500
412400
349100
325100
387500
348400
252400
444400
839000
786400
413400
546200
499500
444100
712300
373400
340100
559600
402200
366400
314500
400300
381100
514500
620800
922200
318400
285100
475800
438000
448900
831600
774700
443200
500400
712600
442800
732400
453600
612100
550700
611200
1130800
1401900
863300
1429600
665600
447000
346500
590000
889000
739800
599600
620800
1054700
951600
1305200
1161200
663600
1322800
601200
736300
1039600
553900
398000
971800
584600
777200
599600
803800
613400
1032000
939800
664600
454000
512300
630800
379800
449600
689900
530800
830000
600600
1256400
927300
686000
514800
476100
547500
798000
736800
680600
666800
915500
817200
1575600
1496900
1522800
690400
982700
1097200
1536300
1914800
1603600
1940400
1460000
2492400
2633900
1382000
1204100
1903600
2281200
1643800
1315200
1750800
1670700
2114200
1483800
2271600
1854000
1099500
1733700
2730200
1904000
3376300
3401900
4380400
2049200
3678800
2547500
1398700
1452400
2470700
757400
404400
365400
655000
293700
242200
200300
227800
287300
304800
238000
253400
644400
322500
338500
416900
323600
